Dimensions of dataframe 5574x17
=========================== K:3 ===========================
Cluster centres: [[6.0566078e+01 2.0117988e+03 9.1706906e+04 2.1103277e+00 1.1637307e+00
  5.1301966e+00 7.6008533e+02 3.0635281e+02 4.6218133e+00 2.1136831e+03
  1.3501012e+03 4.1376286e+00 5.4191284e+01 1.1247789e+01 1.9965680e+03]
 [5.1723164e+01 2.0120282e+03 2.9367525e+05 2.3559322e+00 1.1355932e+00
  5.0375710e+00 8.2237970e+02 2.3254239e+02 2.8587759e+00 4.5078154e+03
  1.4430200e+03 7.7369919e+00 6.3900173e+01 8.4544449e+00 2.0335493e+03]
 [5.1250000e+01 2.0167500e+03 1.8568719e+06 1.0000000e+00 1.0000000e+00
  7.5000000e-01 4.5000000e+02 8.1000000e+02 4.1385713e+00 5.6857500e+03
  1.5700000e+03 1.7575001e+01 7.3425003e+01 0.0000000e+00 2.2500000e+03]] 

----------------------------------------------------------
Squared distances of samples to centres (inertia) of k=3
 6193911169024.0
----------------------------------------------------------
Iterations ran
 11

=========================== K:5 ===========================
Cluster centres: [[6.0949768e+01 2.0109583e+03 7.4392906e+04 1.5771909e+00 8.8118815e-01
  5.8518963e+00 5.6825079e+02 1.6488443e+02 2.5234044e+00 1.5626758e+03
  1.1512451e+03 3.3843601e+00 4.5773773e+01 1.1894909e+01 1.2958374e+03]
 [6.0138237e+01 2.0131022e+03 1.0596152e+05 2.7551351e+00 1.5090837e+00
  4.5234728e+00 9.9142297e+02 4.6867267e+02 6.9921455e+00 2.7195173e+03
  1.5696326e+03 4.9303269e+00 6.3359882e+01 1.0069506e+01 2.7503867e+03]
 [4.8964287e+01 2.0123572e+03 5.0400328e+05 2.8214285e+00 1.3571429e+00
  5.1642857e+00 9.7660712e+02 2.4428571e+02 1.3510971e+00 5.1825361e+03
  1.4021438e+03 9.2517853e+00 6.5666428e+01 0.0000000e+00 1.4659999e+03]
 [5.1250000e+01 2.0167500e+03 1.8568719e+06 1.0000000e+00 1.0000000e+00
  7.5000000e-01 4.5000000e+02 8.1000000e+02 4.1385713e+00 5.6857500e+03
  1.5700000e+03 1.7575001e+01 7.3425003e+01 0.0000000e+00 2.2500000e+03]
 [5.6314487e+01 2.0083251e+03 2.1653611e+05 1.5618371e+00 7.5971735e-01
  3.5429330e+00 5.5637689e+02 1.7724385e+02 2.8556285e+00 3.1965869e+03
  1.3551053e+03 6.0491009e+00 5.8208298e+01 1.4919630e+01 2.0800410e+03]] 

----------------------------------------------------------
Squared distances of samples to centres (inertia) of k=5
 2907781201920.0
----------------------------------------------------------
Iterations ran
 9

=========================== K:10 ===========================
Cluster centres: [[ 5.40035629e+01  2.00501245e+03  1.63992625e+05  9.07472610e-01
   4.62633431e-01  2.50533891e+00  3.46807648e+02  1.02918213e+02
   1.91018867e+00  1.81157068e+03  1.17660413e+03  4.22902632e+00
   4.97157135e+01  2.26146889e+01  1.61945776e+03]
 [ 6.18871002e+01  2.00983362e+03  7.21054766e+04  1.04173994e+00
   5.90828955e-01  3.51665330e+00  4.23608154e+02  9.90473480e+01
   1.28288865e+00  1.29503064e+03  1.03710010e+03  2.98074818e+00
   3.96490669e+01  1.32013035e+01  9.01158936e+02]
 [ 8.40000000e+01  2.01500000e+03  1.48281662e+06  1.00000000e+00
   2.00000000e+00  2.09999990e+00  1.08000000e+03  0.00000000e+00
   0.00000000e+00  5.70000000e+03  1.60000000e+03  1.83999996e+01
   7.49000015e+01  0.00000000e+00  2.00000000e+03]
 [ 5.47500000e+01  2.01345459e+03  3.76859375e+05  2.75000000e+00
   1.11363637e+00  4.94545460e+00  9.03022705e+02  2.29090912e+02
   2.95002174e+00  5.90305371e+03  1.49522791e+03  9.88068199e+00
   6.72513657e+01 -9.53674316e-07  2.16018188e+03]
 [ 6.21872673e+01  2.01303137e+03  1.13750406e+05  2.73333263e+00
   1.48921573e+00  4.28974676e+00  1.01360767e+03  4.91058807e+02
   6.91398144e+00  2.90120776e+03  1.61404456e+03  5.07018948e+00
   6.39885178e+01  9.90982056e+00  2.92867480e+03]
 [ 3.58571434e+01  2.01214282e+03  7.34146938e+05  3.00000000e+00
   2.42857146e+00  8.65714264e+00  1.12285718e+03  4.62857178e+02
   3.51190090e-01  5.22857129e+03  1.60000000e+03  7.81428576e+00
   6.69571457e+01  0.00000000e+00  1.64457141e+03]
 [ 4.03333321e+01  2.01733337e+03  1.98155700e+06  1.00000000e+00
   6.66666627e-01  3.00000191e-01  2.40000000e+02  1.08000000e+03
   5.51809502e+00  5.68100000e+03  1.56000000e+03  1.72999992e+01
   7.29333344e+01 -9.53674316e-07  2.33333325e+03]
 [ 5.44862366e+01  2.01185327e+03  2.46697438e+05  2.30275226e+00
   1.11009169e+00  4.74862385e+00  8.14480713e+02  2.24587158e+02
   3.00522065e+00  4.20769727e+03  1.39782507e+03  7.16572857e+00
   6.22768784e+01  1.26078415e+01  2.08436279e+03]
 [ 5.00312500e+01  2.01427344e+03  1.97719219e+04  2.36718750e+00
   1.31250000e+00  2.17617154e+00  2.13200867e+02  1.68750000e+01
   1.32244682e+00  1.16750000e+03  1.27403088e+03  2.39479160e+00
   4.81526375e+01 -9.53674316e-07  9.56360962e+02]
 [ 6.00478134e+01  2.01339319e+03  9.23927422e+04  2.75745559e+00
   1.52105260e+00  7.20310068e+00  9.77698364e+02  4.18894653e+02
   6.59257412e+00  2.46554370e+03  1.49255347e+03  4.68264627e+00
   6.16241035e+01  9.58916283e+00  2.49827344e+03]] 

----------------------------------------------------------
Squared distances of samples to centres (inertia) of k=10
 854296559616.0
----------------------------------------------------------
Iterations ran
 13
Variance explained by each of the components [vector]: [9.9943274e-01 5.0468498e-04 6.2515217e-05 3.6022190e-08 8.6660130e-11]
Euclidean norms of each component (projection) [5.0490495e+06 1.1346007e+05 3.9932426e+04 9.5855688e+02 4.7015656e+01]

Gaussian density

[4084704.55381676 4084704.55381676 4084704.55381673 4084704.55381673
 2042352.27690836 2042352.27690836 2042352.27690836 3063528.4153627
 2042352.27690852 4084704.55381673 8169409.10763345 2042352.27690845
 2042352.27690836 2042352.2769097  2042352.27690836 2042352.27690836
 8169409.10763345 8169409.10763345 2042352.27690848 2042352.27690836
 2042352.27690845 2042352.27690837 2042352.27690867 2042352.27690867
 4084704.55381673 2042352.27690836 8169409.10763345 2042352.27690844
 2042352.27690836 2042352.27690852 4084704.55381673 2042352.27690836
 2042352.27690867 2042352.27690836 2042352.27690837 2042352.27690836
 4084704.55381673 2042352.2769086  2042352.27690836 2042352.27690842
 3063528.41536254 2042352.27690836 2042352.27690842 2042352.27690848
 2042352.27690867 2042352.27690837 2042352.27690867 2042352.27690844
 2042352.27690836 6127056.83072517 6127056.83072517 4084704.55381673
 4084704.55381673 6127056.83072517 2042352.27690836 4084704.55381673
 2042352.27690867 4084704.55381673 6127056.83072508 2042352.27690836
 2042352.27690836 2042352.27690836 6127056.83072508 6127056.83072508
 2042352.27690836 4084704.55381673 2042352.27690855 2042352.27690836
 2042352.27690836 2042352.27690852 4084704.55381673 2042352.27690836
 2042352.27690867 4084704.55381678 4084704.55381673 4084704.55381673
 2042352.27690836 2042352.27690836 4084704.55381678 6127056.83072515
 2042352.2769084  2042352.27690836 2042352.27690837 4084704.55381673
 4084704.55381673 4084704.55381678 4084704.55381678 2042352.27690852
 6127056.83072515 9190585.24608818 6127056.83072515 2042352.27690836
 2042352.27690837 2042352.27690836 4084704.55381673 2042352.27690836
 2042352.2769084  9190585.24608818 9190585.24608818 9190585.24608818]
======================================================

Exponential density

[4322.43869799 4322.43869799 4322.53681795 4322.53681795 2161.21934064
 2161.21934064 2161.36897869 3242.17487406 2161.21934746 4322.43869911
 8644.97548178 2161.31746988 2161.21934734 2161.21934979 2161.31746988
 2161.21934964 8644.97548178 8644.97548178 2161.21934064 2161.21935068
 2161.31746988 2161.21934956 2161.21935071 2161.2193507  4322.43869911
 2161.31746765 8644.97548178 2161.21936181 2161.61181747 2161.21934066
 4322.58621182 2161.46498148 2161.2193471  2161.21934742 2161.26840693
 2161.21934065 4322.58621182 2161.21934959 2161.21934955 2161.21934621
 3241.82902322 2161.51370272 2161.21935178 2161.2193407  2161.26840483
 2161.21934398 2161.21934398 2161.56277123 2161.90619736 6483.6580353
 6483.6580353  4322.97834806 4322.97834806 6483.6580353  2161.51369826
 4322.4386988  2161.2193476  4322.4386988  6483.85426034 2161.21934064
 2161.21934287 2161.21934513 6483.85426034 6483.85426034 2161.21934064
 4322.43868463 2161.51369827 2161.21934621 2161.41557924 2161.31745985
 4322.43868463 2161.31745985 2161.21934068 4322.6349197  4322.73303891
 4322.73303891 2161.31745985 2161.21934064 4322.6349197  6483.65802193
 2161.51369827 2161.26840916 2161.21934064 4322.53680068 4322.53680068
 4322.68398599 4322.68398599 2161.21934065 6483.65802193 9725.83045012
 6483.65802193 2161.31745985 2161.21934064 2161.31745985 4322.6349197
 2161.21934064 2161.21934064 9725.83045012 9725.83045012 9725.83045012]
======================================================

Distance of 5 closest neighbors for first 50 instances

[[ 0.          0.          0.          0.          2.        ]
 [ 0.          0.          0.          0.          2.        ]
 [ 0.          0.          0.          0.          1.        ]
 [ 0.          0.          0.          0.          1.        ]
 [ 0.          0.         45.         64.         64.        ]
 [ 0.          0.          9.          9.         10.        ]
 [ 0.          0.          1.          1.          1.        ]
 [ 0.          0.          0.          1.          1.        ]
 [ 0.          0.          3.          4.          4.        ]
 [ 0.          0.          0.          0.          3.        ]
 [ 0.          0.          0.          0.          0.        ]
 [ 0.          0.          1.          1.          2.        ]
 [ 0.          0.          3.          5.33333302 13.        ]
 [ 0.          0.          3.          3.          3.        ]
 [ 0.          0.          1.          1.          3.        ]
 [ 0.          0.          3.          3.          3.        ]
 [ 0.          0.          0.          0.          0.        ]
 [ 0.          0.          0.          0.          0.        ]
 [ 0.          0.          3.          3.         17.        ]
 [ 0.          0.          2.66666603  2.66666603  3.        ]
 [ 0.          0.          1.          1.          2.        ]
 [ 0.          0.          2.          3.          3.        ]
 [ 0.          0.          2.          2.          3.        ]
 [ 0.          0.          2.          2.          3.        ]
 [ 0.          0.          0.          0.          3.        ]
 [ 0.          0.          1.          1.          3.        ]
 [ 0.          0.          0.          0.          0.        ]
 [ 0.          0.          2.          2.          2.        ]
 [ 0.          0.          1.          1.          1.        ]
 [ 0.          0.          3.          6.          7.        ]
 [ 0.          0.          0.          0.          1.        ]
 [ 0.          0.          1.          1.          1.        ]
 [ 0.          0.          7.33333397  8.33333397  8.33333397]
 [ 0.          0.          2.66666603  2.66666603  3.        ]
 [ 0.          0.          1.          3.          3.        ]
 [ 0.          0.          3.          3.          3.        ]
 [ 0.          0.          0.          0.          1.        ]
 [ 0.          0.          3.          4.          7.        ]
 [ 0.          0.          2.          2.          3.        ]
 [ 0.          0.          3.          3.          3.        ]
 [ 0.          0.          0.          5.33333397  5.33333397]
 [ 0.          0.          1.          1.          1.        ]
 [ 0.          0.          2.          2.          2.        ]
 [ 0.          0.          5.          5.          5.10000038]
 [ 0.          0.          1.          2.          2.        ]
 [ 0.          0.          3.          3.          5.        ]
 [ 0.          0.          2.          4.16666698  4.16666698]
 [ 0.          0.          1.          1.          1.        ]
 [ 0.          0.          1.          1.          1.        ]
 [ 0.          0.          0.          0.          0.        ]]
