,misc_price
0,1
1,1
2,1
3,0
4,0
5,0
6,0
7,0
8,0
9,0
10,1
11,1
12,1
13,0
14,0
15,0
16,2
17,1
18,1
19,0
20,0
21,0
22,0
23,0
24,1
25,0
26,0
27,1
28,1
29,0
30,0
31,0
32,0
33,0
34,0
35,0
36,0
37,0
38,1
39,0
40,0
41,0
42,0
43,0
44,0
45,0
46,0
47,1
48,1
49,0
50,0
51,1
52,0
53,1
54,2
55,0
56,0
57,0
58,1
59,1
60,1
61,0
62,2
63,2
64,1
65,0
66,0
67,1
68,1
69,0
70,0
71,0
72,0
73,1
74,1
75,1
76,1
77,1
78,0
79,0
80,0
81,0
82,2
83,2
84,2
85,2
86,1
87,0
88,1
89,0
90,0
91,1
92,1
93,1
94,1
95,1
96,1
97,0
98,1
99,1
100,1
101,0
102,0
103,0
104,0
105,0
106,0
107,0
108,0
109,0
110,0
111,0
112,0
113,0
114,0
115,0
116,0
117,0
118,0
119,0
120,0
121,0
122,0
123,0
124,0
125,1
126,0
127,0
128,0
129,0
130,1
131,0
132,1
133,1
134,0
135,2
136,2
137,2
138,0
139,0
140,0
141,0
142,2
143,2
144,1
145,0
146,0
147,0
148,0
149,0
150,0
151,1
152,1
153,0
154,1
155,0
156,0
157,0
158,0
159,0
160,0
161,0
162,0
163,0
164,0
165,0
166,0
167,0
168,0
169,0
170,1
171,1
172,1
173,1
174,1
175,1
176,1
177,1
178,1
179,1
180,1
181,1
182,1
183,1
184,1
185,1
186,1
187,1
188,1
189,1
190,1
191,1
192,1
193,1
194,2
195,1
196,0
197,0
198,1
199,0
200,1
201,0
202,0
203,1
204,1
205,1
206,0
207,0
208,1
209,2
210,0
211,0
212,0
213,0
214,0
215,0
216,0
217,0
218,0
219,0
220,0
221,0
222,0
223,1
224,0
225,0
226,0
227,0
228,0
229,0
230,0
231,0
232,0
233,0
234,0
235,0
236,0
237,0
238,0
239,0
240,0
241,0
242,0
243,0
244,0
245,0
246,0
247,0
248,0
249,0
250,0
251,0
252,0
253,0
254,0
255,0
256,0
257,0
258,0
259,0
260,0
261,0
262,0
263,0
264,0
265,0
266,0
267,0
268,0
269,0
270,0
271,0
272,0
273,0
274,0
275,1
276,0
277,0
278,0
279,0
280,0
281,0
282,0
283,0
284,1
285,1
286,1
287,1
288,1
289,1
290,2
291,2
292,2
293,2
294,1
295,1
296,2
297,1
298,1
299,1
300,1
301,1
302,1
303,0
304,1
305,1
306,2
307,0
308,0
309,1
310,1
311,1
312,1
313,0
314,1
315,1
316,0
317,0
318,1
319,1
320,0
321,1
322,1
323,2
324,0
325,2
326,1
327,1
328,1
329,1
330,1
331,1
332,1
333,1
334,1
335,1
336,1
337,1
338,1
339,1
340,1
341,1
342,1
343,1
344,1
345,1
346,1
347,0
348,1
349,0
350,0
351,0
352,0
353,0
354,1
355,0
356,0
357,0
358,0
359,0
360,0
361,1
362,1
363,0
364,0
365,0
366,0
367,0
368,0
369,0
370,0
371,0
372,0
373,0
374,0
375,0
376,0
377,0
378,0
379,0
380,0
381,0
382,0
383,0
384,0
385,0
386,0
387,0
388,0
389,0
390,0
391,0
392,0
393,0
394,0
395,0
396,0
397,0
398,0
399,0
400,0
401,0
402,0
403,0
404,0
405,0
406,0
407,0
408,0
409,0
410,0
411,0
412,0
413,0
414,0
415,0
416,0
417,1
418,1
419,1
420,1
421,1
422,1
423,1
424,1
425,1
426,1
427,1
428,1
429,1
430,1
431,2
432,2
433,2
434,2
435,2
436,2
437,0
438,0
439,0
440,0
441,0
442,0
443,0
444,0
445,0
446,0
447,0
448,1
449,1
450,1
451,1
452,1
453,1
454,1
455,1
456,1
457,1
458,0
459,1
460,1
461,1
462,1
463,1
464,0
465,0
466,0
467,0
468,0
469,0
470,0
471,1
472,0
473,1
474,1
475,0
476,1
477,0
478,0
479,0
480,0
481,0
482,0
483,0
484,0
485,0
486,0
487,0
488,0
489,0
490,0
491,0
492,0
493,0
494,0
495,0
496,0
497,0
498,0
499,0
500,0
501,0
502,0
503,0
504,1
505,1
506,1
507,1
508,1
509,1
510,1
511,1
512,1
513,1
514,1
515,1
516,1
517,1
518,1
519,1
520,1
521,1
522,1
523,1
524,0
525,2
526,1
527,0
528,1
529,1
530,0
531,1
532,0
533,0
534,1
535,2
536,1
537,0
538,1
539,1
540,1
541,1
542,1
543,0
544,1
545,0
546,0
547,0
548,1
549,0
550,0
551,0
552,2
553,1
554,2
555,0
556,1
557,1
558,1
559,0
560,0
561,0
562,1
563,0
564,0
565,0
566,1
567,0
568,0
569,0
570,0
571,0
572,0
573,0
574,0
575,0
576,0
577,0
578,1
579,0
580,0
581,0
582,1
583,1
584,0
585,0
586,0
587,1
588,0
589,1
590,1
591,0
592,0
593,0
594,2
595,1
596,2
597,1
598,0
599,0
600,0
601,0
602,0
603,0
604,1
605,1
606,1
607,0
608,0
609,0
610,0
611,2
612,1
613,1
614,1
615,0
616,0
617,1
618,0
619,0
620,0
621,1
622,0
623,1
624,0
625,0
626,0
627,0
628,0
629,0
630,1
631,1
632,0
633,0
634,2
635,1
636,1
637,1
638,1
639,1
640,0
641,0
642,0
643,0
644,2
645,1
646,1
647,0
648,1
649,1
650,1
651,0
652,0
653,0
654,0
655,1
656,1
657,1
658,1
659,0
660,0
661,0
662,0
663,0
664,0
665,0
666,1
667,1
668,1
669,0
670,0
671,0
672,2
673,1
674,1
675,0
676,0
677,0
678,0
679,0
680,1
681,0
682,0
683,1
684,1
685,0
686,0
687,0
688,0
689,0
690,0
691,0
692,0
693,0
694,1
695,0
696,0
697,0
698,0
699,0
700,0
701,0
702,0
703,1
704,1
705,0
706,0
707,1
708,0
709,1
710,2
711,0
712,0
713,0
714,1
715,1
716,1
717,0
718,2
719,2
720,1
721,0
722,0
723,1
724,1
725,0
726,0
727,0
728,0
729,1
730,1
731,1
732,1
733,1
734,0
735,0
736,0
737,0
738,2
739,2
740,2
741,2
742,1
743,0
744,1
745,0
746,0
747,1
748,1
749,1
750,1
751,1
752,1
753,0
754,1
755,1
756,1
757,0
758,0
759,0
760,0
761,0
762,0
763,0
764,0
765,0
766,0
767,0
768,0
769,0
770,0
771,0
772,0
773,0
774,0
775,0
776,0
777,0
778,0
779,0
780,0
781,1
782,0
783,0
784,0
785,0
786,1
787,0
788,1
789,1
790,0
791,2
792,2
793,2
794,0
795,0
796,0
797,0
798,2
799,2
800,1
801,0
802,0
803,0
804,0
805,0
806,0
807,1
808,1
809,0
810,1
811,0
812,0
813,0
814,0
815,0
816,0
817,0
818,0
819,0
820,0
821,0
822,0
823,0
824,0
825,0
826,1
827,1
828,1
829,1
830,1
831,1
832,1
833,1
834,1
835,1
836,1
837,1
838,1
839,1
840,1
841,1
842,1
843,1
844,1
845,1
846,1
847,1
848,1
849,1
850,2
851,1
852,0
853,0
854,1
855,0
856,1
857,0
858,0
859,1
860,1
861,1
862,0
863,0
864,1
865,2
866,0
867,0
868,0
869,0
870,0
871,0
872,0
873,0
874,0
875,0
876,0
877,0
878,0
879,1
880,0
881,0
882,0
883,0
884,0
885,0
886,0
887,0
888,0
889,0
890,0
891,0
892,0
893,0
894,0
895,0
896,0
897,0
898,0
899,0
900,0
901,0
902,0
903,0
904,0
905,0
906,0
907,0
908,0
909,0
910,0
911,0
912,0
913,0
914,0
915,0
916,0
917,0
918,0
919,0
920,0
921,0
922,0
923,0
924,0
925,0
926,0
927,0
928,0
929,0
930,0
931,1
932,0
933,0
934,0
935,0
936,0
937,0
938,0
939,0
940,1
941,1
942,1
943,1
944,1
945,1
946,2
947,2
948,2
949,2
950,1
951,1
952,2
953,1
954,1
955,1
956,1
957,1
958,1
959,0
960,1
961,1
962,2
963,0
964,0
965,1
966,1
967,1
968,1
969,0
970,1
971,1
972,0
973,0
974,1
975,1
976,0
977,1
978,1
979,2
980,0
981,2
982,1
983,1
984,1
985,1
986,1
987,1
988,1
989,1
990,1
991,1
992,1
993,1
994,1
995,1
996,1
997,1
998,1
999,1
1000,1
1001,1
1002,1
1003,0
1004,1
1005,0
1006,0
1007,0
1008,0
1009,0
1010,1
1011,0
1012,0
1013,0
1014,0
1015,0
1016,0
1017,1
1018,1
1019,0
1020,0
1021,0
1022,0
1023,0
1024,0
1025,0
1026,0
1027,0
1028,0
1029,0
1030,0
1031,0
1032,0
1033,0
1034,0
1035,0
1036,0
1037,0
1038,0
1039,0
1040,0
1041,0
1042,0
1043,0
1044,0
1045,0
1046,0
1047,0
1048,0
1049,0
1050,0
1051,0
1052,0
1053,0
1054,0
1055,0
1056,0
1057,0
1058,0
1059,0
1060,0
1061,0
1062,0
1063,0
1064,0
1065,0
1066,0
1067,0
1068,0
1069,0
1070,0
1071,1
1072,1
1073,1
1074,0
1075,0
1076,0
1077,0
1078,0
1079,0
1080,0
1081,0
1082,0
1083,2
1084,2
1085,2
1086,2
1087,2
1088,0
1089,2
1090,1
1091,1
1092,1
1093,0
1094,1
1095,0
1096,2
1097,1
1098,0
1099,0
1100,0
1101,1
1102,2
1103,2
1104,0
1105,0
1106,2
1107,2
1108,2
1109,1
1110,0
1111,1
1112,0
1113,2
1114,1
1115,2
1116,0
1117,0
1118,0
1119,0
1120,0
1121,0
1122,0
1123,0
1124,0
1125,0
1126,0
1127,0
1128,0
1129,0
1130,0
1131,0
1132,0
1133,0
1134,0
1135,1
1136,1
1137,0
1138,1
1139,1
1140,1
1141,1
1142,1
1143,1
1144,1
1145,2
1146,2
1147,2
1148,2
1149,1
1150,2
1151,2
1152,1
1153,2
1154,1
1155,2
1156,1
1157,0
1158,0
1159,0
1160,0
1161,0
1162,0
1163,0
1164,0
1165,0
1166,0
1167,0
1168,0
1169,0
1170,0
1171,0
1172,0
1173,0
1174,0
1175,0
1176,0
1177,0
1178,0
1179,0
1180,0
1181,0
1182,0
1183,0
1184,0
1185,0
1186,0
1187,0
1188,0
1189,1
1190,1
1191,1
1192,1
1193,1
1194,1
1195,1
1196,1
1197,1
1198,1
1199,1
1200,1
1201,1
1202,1
1203,1
1204,1
1205,1
1206,1
1207,1
1208,1
1209,0
1210,0
1211,0
1212,0
1213,0
1214,0
1215,0
1216,0
1217,0
1218,0
1219,0
1220,0
1221,0
1222,0
1223,0
1224,0
1225,0
1226,0
1227,0
1228,0
1229,0
1230,0
1231,0
1232,0
1233,0
1234,0
1235,0
1236,0
1237,0
1238,0
1239,0
1240,0
1241,0
1242,0
1243,0
1244,0
1245,0
1246,0
1247,0
1248,0
1249,0
1250,0
1251,0
1252,0
1253,0
1254,0
1255,1
1256,0
1257,0
1258,0
1259,1
1260,0
1261,0
1262,0
1263,0
1264,0
1265,0
1266,0
1267,0
1268,0
1269,0
1270,0
1271,0
1272,1
1273,0
1274,0
1275,0
1276,0
1277,0
1278,0
1279,0
1280,0
1281,0
1282,0
1283,0
1284,0
1285,0
1286,1
1287,0
1288,0
1289,0
1290,0
1291,0
1292,0
1293,0
1294,0
1295,0
1296,0
1297,0
1298,0
1299,0
1300,0
1301,0
1302,0
1303,0
1304,0
1305,0
1306,0
1307,0
1308,0
1309,0
1310,0
1311,0
1312,0
1313,0
1314,0
1315,0
1316,1
1317,0
1318,0
1319,0
1320,1
1321,0
1322,1
1323,1
1324,1
1325,0
1326,0
1327,0
1328,2
1329,0
1330,0
1331,1
1332,0
1333,0
1334,0
1335,0
1336,0
1337,0
1338,0
1339,0
1340,0
1341,0
1342,0
1343,0
1344,0
1345,0
1346,0
1347,0
1348,0
1349,0
1350,0
1351,0
1352,0
1353,0
1354,0
1355,0
1356,0
1357,0
1358,0
1359,0
1360,0
1361,0
1362,0
1363,0
1364,0
1365,0
1366,0
1367,0
1368,0
1369,0
1370,0
1371,0
1372,0
1373,0
1374,0
1375,0
1376,0
1377,0
1378,0
1379,0
1380,0
1381,0
1382,0
1383,0
1384,0
1385,0
1386,0
1387,0
1388,0
1389,0
1390,0
1391,0
1392,0
1393,0
1394,0
1395,0
1396,0
1397,0
1398,0
1399,0
1400,0
1401,0
1402,0
1403,0
1404,0
1405,0
1406,0
1407,0
1408,0
1409,0
1410,0
1411,0
1412,0
1413,0
1414,0
1415,0
1416,0
1417,0
1418,0
1419,0
1420,0
1421,0
1422,0
1423,0
1424,0
1425,0
1426,0
1427,0
1428,0
1429,0
1430,0
1431,0
1432,0
1433,0
1434,0
1435,0
1436,0
1437,0
1438,0
1439,0
1440,0
1441,0
1442,0
1443,0
1444,0
1445,0
1446,1
1447,1
1448,1
1449,1
1450,1
1451,1
1452,1
1453,1
1454,1
1455,1
1456,0
1457,0
1458,0
1459,1
1460,1
1461,1
1462,1
1463,1
1464,1
1465,1
1466,1
1467,1
1468,1
1469,1
1470,1
1471,1
1472,1
1473,1
1474,1
1475,1
1476,0
1477,0
1478,1
1479,0
1480,1
1481,0
1482,0
1483,1
1484,1
1485,0
1486,0
1487,1
1488,1
1489,1
1490,1
1491,1
1492,0
1493,0
1494,0
1495,0
1496,1
1497,0
1498,0
1499,0
1500,0
1501,0
1502,0
1503,1
1504,0
1505,0
1506,0
1507,0
1508,0
1509,0
1510,0
1511,1
1512,1
1513,1
1514,1
1515,1
1516,1
1517,1
1518,1
1519,1
1520,1
1521,1
1522,1
1523,1
1524,1
1525,1
1526,1
1527,1
1528,2
1529,2
1530,2
1531,2
1532,2
1533,2
1534,1
1535,2
1536,2
1537,2
1538,2
1539,2
1540,1
1541,2
1542,2
1543,2
1544,2
1545,2
1546,2
1547,1
1548,1
1549,1
1550,1
1551,2
1552,1
1553,2
1554,1
1555,1
1556,1
1557,2
1558,2
1559,2
1560,2
1561,0
1562,0
1563,1
1564,0
1565,0
1566,1
1567,1
1568,0
1569,1
1570,0
1571,0
1572,0
1573,1
1574,1
1575,1
1576,1
1577,0
1578,0
1579,0
1580,0
1581,0
1582,0
1583,0
1584,0
1585,0
1586,0
1587,0
1588,0
1589,1
1590,1
1591,1
1592,0
1593,0
1594,0
1595,0
1596,2
1597,0
1598,0
1599,1
1600,1
1601,0
1602,0
1603,0
1604,1
1605,1
1606,1
1607,0
1608,0
1609,0
1610,1
1611,0
1612,0
1613,0
1614,1
1615,0
1616,1
1617,0
1618,0
1619,0
1620,1
1621,1
1622,0
1623,0
1624,1
1625,0
1626,0
1627,0
1628,1
1629,0
1630,1
1631,0
1632,1
1633,0
1634,0
1635,0
1636,0
1637,0
1638,0
1639,0
1640,0
1641,1
1642,1
1643,1
1644,0
1645,0
1646,1
1647,1
1648,0
1649,1
1650,1
1651,1
1652,0
1653,1
1654,1
1655,0
1656,0
1657,2
1658,1
1659,2
1660,0
1661,1
1662,0
1663,1
1664,1
1665,1
1666,1
1667,1
1668,1
1669,1
1670,1
1671,0
1672,0
1673,0
1674,0
1675,0
1676,0
1677,0
1678,0
1679,0
1680,0
1681,0
1682,0
1683,0
1684,0
1685,0
1686,0
1687,0
1688,0
1689,0
1690,0
1691,0
1692,0
1693,0
1694,0
1695,0
1696,0
1697,0
1698,0
1699,0
1700,0
1701,0
1702,0
1703,0
1704,0
1705,0
1706,0
1707,0
1708,0
1709,0
1710,0
1711,0
1712,0
1713,0
1714,0
1715,0
1716,0
1717,0
1718,0
1719,0
1720,0
1721,0
1722,0
1723,1
1724,1
1725,1
1726,1
1727,1
1728,1
1729,1
1730,1
1731,1
1732,1
1733,1
1734,1
1735,1
1736,1
1737,1
1738,1
1739,1
1740,1
1741,1
1742,1
1743,1
1744,1
1745,1
1746,1
1747,1
1748,1
1749,1
1750,1
1751,1
1752,0
1753,1
1754,1
1755,0
1756,1
1757,0
1758,0
1759,0
1760,0
1761,0
1762,0
1763,0
1764,0
1765,0
1766,0
1767,0
1768,0
1769,0
1770,0
1771,0
1772,0
1773,0
1774,0
1775,0
1776,0
1777,0
1778,0
1779,0
1780,0
1781,0
1782,0
1783,0
1784,0
1785,0
1786,0
1787,0
1788,0
1789,1
1790,0
1791,0
1792,0
1793,0
1794,0
1795,1
1796,0
1797,0
1798,0
1799,0
1800,0
1801,0
1802,0
1803,0
1804,0
1805,1
1806,0
1807,0
1808,0
1809,0
1810,0
1811,0
1812,0
1813,0
1814,0
1815,0
1816,0
1817,0
1818,0
1819,0
1820,0
1821,0
1822,0
1823,0
1824,0
1825,0
1826,0
1827,0
1828,0
1829,0
1830,1
1831,1
1832,0
1833,0
1834,0
1835,0
1836,0
1837,0
1838,0
1839,0
1840,0
1841,0
1842,1
1843,1
1844,0
1845,0
1846,0
1847,0
1848,0
1849,0
1850,0
1851,0
1852,0
1853,0
1854,0
1855,0
1856,0
1857,0
1858,0
1859,0
1860,0
1861,0
1862,0
1863,0
1864,0
1865,0
1866,0
1867,0
1868,0
1869,0
1870,0
1871,0
1872,0
1873,0
1874,0
1875,0
1876,0
1877,0
1878,0
1879,0
1880,0
1881,0
1882,0
1883,1
1884,1
1885,1
1886,1
1887,1
1888,1
1889,0
1890,0
1891,0
1892,1
1893,0
1894,1
1895,1
1896,0
1897,0
1898,1
1899,0
1900,0
1901,1
1902,1
1903,0
1904,0
1905,0
1906,1
1907,2
1908,2
1909,0
1910,0
1911,0
1912,0
1913,0
1914,0
1915,0
1916,0
1917,0
1918,0
1919,0
1920,0
1921,0
1922,0
1923,0
1924,0
1925,0
1926,0
1927,0
1928,0
1929,0
1930,0
1931,0
1932,0
1933,0
1934,0
1935,0
1936,0
1937,0
1938,0
1939,0
1940,0
1941,0
1942,0
1943,0
1944,0
1945,0
1946,0
1947,0
1948,0
1949,0
1950,0
1951,0
1952,0
1953,0
1954,0
1955,0
1956,0
1957,0
1958,0
1959,0
1960,0
1961,0
1962,0
1963,0
1964,0
1965,0
1966,0
1967,0
1968,0
1969,0
1970,0
1971,0
1972,0
1973,0
1974,0
1975,0
1976,0
1977,0
1978,0
1979,0
1980,0
1981,0
1982,0
1983,0
1984,0
1985,0
1986,0
1987,0
1988,0
1989,0
1990,0
1991,0
1992,0
1993,0
1994,0
1995,0
1996,0
1997,0
1998,0
1999,0
2000,0
2001,0
2002,0
2003,0
2004,0
2005,0
2006,0
2007,0
2008,0
2009,0
2010,0
2011,0
2012,0
2013,0
2014,0
2015,0
2016,0
2017,0
2018,0
2019,0
2020,0
2021,0
2022,0
2023,0
2024,0
2025,0
2026,0
2027,0
2028,0
2029,0
2030,0
2031,0
2032,1
2033,0
2034,0
2035,0
2036,1
2037,1
2038,0
2039,0
2040,0
2041,1
2042,0
2043,0
2044,0
2045,0
2046,0
2047,1
2048,0
2049,0
2050,0
2051,1
2052,1
2053,1
2054,1
2055,1
2056,2
2057,2
2058,2
2059,2
2060,2
2061,2
2062,2
2063,2
2064,2
2065,2
2066,2
2067,2
2068,2
2069,2
2070,1
2071,1
2072,1
2073,1
2074,0
2075,0
2076,0
2077,0
2078,0
2079,0
2080,1
2081,1
2082,0
2083,0
2084,1
2085,0
2086,0
2087,0
2088,0
2089,0
2090,0
2091,0
2092,0
2093,0
2094,0
2095,0
2096,0
2097,0
2098,0
2099,0
2100,0
2101,0
2102,0
2103,0
2104,0
2105,0
2106,0
2107,0
2108,0
2109,1
2110,1
2111,1
2112,0
2113,1
2114,1
2115,1
2116,0
2117,0
2118,1
2119,0
2120,0
2121,0
2122,0
2123,0
2124,0
2125,1
2126,0
2127,1
2128,0
2129,0
2130,0
2131,0
2132,1
2133,1
2134,1
2135,0
2136,0
2137,0
2138,0
2139,0
2140,1
2141,1
2142,0
2143,2
2144,1
2145,1
2146,0
2147,0
2148,0
2149,1
2150,0
2151,0
2152,1
2153,1
2154,1
2155,0
2156,2
2157,1
2158,0
2159,0
2160,1
2161,1
2162,1
2163,1
2164,1
2165,1
2166,1
2167,1
2168,0
2169,1
2170,1
2171,1
2172,1
2173,0
2174,0
2175,1
2176,0
2177,1
2178,0
2179,0
2180,0
2181,2
2182,2
2183,1
2184,1
2185,1
2186,1
2187,1
2188,0
2189,0
2190,0
2191,0
2192,0
2193,0
2194,0
2195,0
2196,0
2197,0
2198,0
2199,0
2200,0
2201,0
2202,0
2203,0
2204,0
2205,0
2206,0
2207,0
2208,0
2209,0
2210,0
2211,0
2212,0
2213,1
2214,0
2215,1
2216,1
2217,1
2218,0
2219,0
2220,0
2221,1
2222,0
2223,1
2224,0
2225,1
2226,0
2227,1
2228,0
2229,0
2230,0
2231,1
2232,1
2233,0
2234,1
2235,0
2236,1
2237,1
2238,1
2239,0
2240,0
2241,1
2242,1
2243,0
2244,0
2245,0
2246,0
2247,1
2248,1
2249,0
2250,0
2251,1
2252,0
2253,0
2254,0
2255,2
2256,1
2257,1
2258,0
2259,0
2260,1
2261,0
2262,0
2263,0
2264,0
2265,0
2266,0
2267,1
2268,1
2269,1
2270,1
2271,0
2272,0
2273,0
2274,0
2275,1
2276,2
2277,0
2278,0
2279,1
2280,2
2281,0
2282,1
2283,0
2284,0
2285,0
2286,0
2287,0
2288,1
2289,0
2290,0
2291,0
2292,0
2293,0
2294,0
2295,0
2296,0
2297,0
2298,1
2299,0
2300,0
2301,1
2302,1
2303,0
2304,0
2305,1
2306,1
2307,1
2308,1
2309,1
2310,0
2311,1
2312,1
2313,1
2314,1
2315,1
2316,1
2317,0
2318,0
2319,0
2320,1
2321,1
2322,1
2323,1
2324,1
2325,1
2326,1
2327,0
2328,1
2329,1
2330,0
2331,0
2332,0
2333,0
2334,0
2335,0
2336,0
2337,0
2338,0
2339,0
2340,0
2341,0
2342,0
2343,0
2344,0
2345,0
2346,1
2347,0
2348,0
2349,0
2350,0
2351,0
2352,0
2353,2
2354,0
2355,0
2356,2
2357,0
2358,0
2359,0
2360,2
2361,2
2362,2
2363,1
2364,1
2365,0
2366,0
2367,1
2368,2
2369,0
2370,0
2371,0
2372,0
2373,0
2374,0
2375,1
2376,0
2377,0
2378,0
2379,0
2380,2
2381,2
2382,2
2383,2
2384,0
2385,1
2386,1
2387,0
2388,1
2389,1
2390,0
2391,0
2392,0
2393,2
2394,2
2395,1
2396,0
2397,0
2398,0
2399,0
2400,0
2401,1
2402,1
2403,1
2404,0
2405,1
2406,2
2407,1
2408,1
2409,1
2410,0
2411,0
2412,0
2413,1
2414,1
2415,0
2416,0
2417,0
2418,1
2419,0
2420,1
2421,1
2422,0
2423,0
2424,0
2425,1
2426,2
2427,1
2428,0
2429,0
2430,1
2431,1
2432,0
2433,1
2434,0
2435,0
2436,1
2437,1
2438,0
2439,1
2440,0
2441,1
2442,0
2443,0
2444,1
2445,1
2446,1
2447,0
2448,0
2449,1
2450,0
2451,1
2452,1
2453,1
2454,1
2455,1
2456,0
2457,0
2458,1
2459,1
2460,0
2461,1
2462,0
2463,0
2464,0
2465,0
2466,0
2467,0
2468,1
2469,0
2470,0
2471,0
2472,0
2473,0
2474,0
2475,0
2476,0
2477,0
2478,0
2479,0
2480,0
2481,0
2482,0
2483,0
2484,0
2485,0
2486,0
2487,0
2488,0
2489,0
2490,0
2491,0
2492,0
2493,0
2494,0
2495,0
2496,0
2497,0
2498,0
2499,0
2500,0
2501,0
2502,0
2503,0
2504,0
2505,1
2506,0
2507,0
2508,0
2509,0
2510,0
2511,0
2512,0
2513,0
2514,1
2515,1
2516,1
2517,1
2518,1
2519,1
2520,1
2521,1
2522,1
2523,1
2524,1
2525,0
2526,0
2527,0
2528,1
2529,1
2530,0
2531,0
2532,0
2533,1
2534,1
2535,0
2536,0
2537,0
2538,0
2539,0
2540,0
2541,0
2542,0
2543,0
2544,0
2545,0
2546,0
2547,0
2548,0
2549,0
2550,0
2551,0
2552,0
2553,0
2554,0
2555,0
2556,0
2557,0
2558,0
2559,0
2560,0
2561,0
2562,0
2563,0
2564,0
2565,0
2566,0
2567,0
2568,0
2569,0
2570,0
2571,0
2572,0
2573,0
2574,0
2575,1
2576,1
2577,1
2578,1
2579,1
2580,1
2581,1
2582,1
2583,1
2584,1
2585,1
2586,1
2587,0
2588,0
2589,0
2590,0
2591,0
2592,0
2593,0
2594,0
2595,0
2596,0
2597,0
2598,0
2599,0
2600,0
2601,0
2602,0
2603,0
2604,0
2605,0
2606,0
2607,0
2608,0
2609,0
2610,0
2611,0
2612,0
2613,0
2614,0
2615,0
2616,0
2617,0
2618,0
2619,0
2620,1
2621,1
2622,1
2623,1
2624,1
2625,1
2626,1
2627,1
2628,1
2629,0
2630,0
2631,0
2632,0
2633,0
2634,0
2635,0
2636,0
2637,0
2638,0
2639,0
2640,0
2641,0
2642,0
2643,0
2644,0
2645,0
2646,0
2647,0
2648,0
2649,0
2650,0
2651,0
2652,0
2653,0
2654,0
2655,0
2656,0
2657,0
2658,0
2659,1
2660,1
2661,0
2662,1
2663,1
2664,1
2665,0
2666,1
2667,0
2668,0
2669,0
2670,0
2671,0
2672,1
2673,1
2674,0
2675,0
2676,0
2677,0
2678,0
2679,0
2680,0
2681,0
2682,0
2683,0
2684,0
2685,0
2686,0
2687,1
2688,0
2689,0
2690,0
2691,0
2692,1
2693,0
2694,0
2695,1
2696,0
2697,1
2698,0
2699,0
2700,0
2701,1
2702,0
2703,0
2704,0
2705,0
2706,1
2707,1
2708,1
2709,0
2710,0
2711,1
2712,0
2713,1
2714,1
2715,1
2716,1
2717,0
2718,1
2719,0
2720,0
2721,1
2722,1
2723,0
2724,0
2725,1
2726,1
2727,1
2728,1
2729,0
2730,0
2731,0
2732,1
2733,0
2734,1
2735,0
2736,0
2737,1
2738,0
2739,0
2740,0
2741,0
2742,0
2743,0
2744,0
2745,0
2746,2
2747,2
2748,2
2749,1
2750,1
2751,1
2752,1
2753,2
2754,1
2755,1
2756,1
2757,1
2758,1
2759,0
2760,1
2761,2
2762,0
2763,1
2764,2
2765,0
2766,0
2767,0
2768,0
2769,1
2770,0
2771,0
2772,1
2773,1
2774,0
2775,1
2776,0
2777,1
2778,0
2779,0
2780,0
2781,0
2782,1
2783,1
2784,0
2785,0
2786,0
2787,0
2788,0
2789,0
2790,1
2791,1
2792,0
2793,0
2794,0
2795,0
2796,0
2797,0
2798,1
2799,0
2800,1
2801,0
2802,1
2803,0
2804,0
2805,0
2806,0
2807,0
2808,1
2809,1
2810,0
2811,0
2812,0
2813,1
2814,0
2815,0
2816,0
2817,1
2818,0
2819,1
2820,1
2821,1
2822,0
2823,0
2824,0
2825,0
2826,0
2827,0
2828,1
2829,0
2830,0
2831,1
2832,0
2833,0
2834,1
2835,1
2836,0
2837,0
2838,0
2839,1
2840,0
2841,0
2842,0
2843,0
2844,0
2845,1
2846,0
2847,0
2848,0
2849,0
2850,0
2851,0
2852,0
2853,0
2854,0
2855,0
2856,0
2857,0
2858,0
2859,0
2860,0
2861,0
2862,0
2863,0
2864,0
2865,0
2866,0
2867,0
2868,0
2869,0
2870,0
2871,0
2872,0
2873,0
2874,0
2875,0
2876,0
2877,0
2878,0
2879,0
2880,0
2881,0
2882,0
2883,0
2884,0
2885,0
2886,0
2887,0
2888,0
2889,0
2890,0
2891,0
2892,0
2893,0
2894,0
2895,0
2896,0
2897,0
2898,0
2899,0
2900,0
2901,0
2902,0
2903,0
2904,0
2905,0
2906,0
2907,0
2908,0
2909,0
2910,0
2911,0
2912,0
2913,0
2914,0
2915,0
2916,0
2917,0
2918,0
2919,0
2920,0
2921,0
2922,0
2923,0
2924,0
2925,0
2926,0
2927,0
2928,0
2929,0
2930,0
2931,0
2932,0
2933,0
2934,0
2935,0
2936,0
2937,0
2938,0
2939,0
2940,0
2941,0
2942,0
2943,0
2944,0
2945,0
2946,0
2947,0
2948,0
2949,0
2950,0
2951,0
2952,0
2953,0
2954,0
2955,0
2956,0
2957,0
2958,0
2959,0
2960,0
2961,0
2962,0
2963,0
2964,0
2965,0
2966,0
2967,0
2968,0
2969,0
2970,0
2971,0
2972,0
2973,0
2974,0
2975,0
2976,0
2977,0
2978,0
2979,0
2980,0
2981,0
2982,0
2983,0
2984,0
2985,0
2986,0
2987,0
2988,0
2989,0
2990,0
2991,0
2992,0
2993,0
2994,0
2995,0
2996,0
2997,0
2998,0
2999,0
3000,0
3001,0
3002,0
3003,0
3004,0
3005,0
3006,0
3007,0
3008,0
3009,0
3010,0
3011,0
3012,0
3013,0
3014,0
3015,0
3016,0
3017,0
3018,0
3019,0
3020,0
3021,0
3022,0
3023,0
3024,0
3025,0
3026,0
3027,0
3028,0
3029,0
3030,0
3031,0
3032,0
3033,1
3034,1
3035,1
3036,0
3037,0
3038,1
3039,1
3040,0
3041,1
3042,0
3043,0
3044,0
3045,1
3046,1
3047,0
3048,0
3049,0
3050,1
3051,1
3052,0
3053,0
3054,0
3055,1
3056,0
3057,1
3058,0
3059,1
3060,0
3061,0
3062,1
3063,0
3064,1
3065,0
3066,1
3067,0
3068,0
3069,0
3070,0
3071,0
3072,1
3073,1
3074,0
3075,0
3076,0
3077,0
3078,0
3079,0
3080,0
3081,0
3082,0
3083,0
3084,0
3085,0
3086,0
3087,1
3088,0
3089,0
3090,0
3091,0
3092,0
3093,0
3094,0
3095,0
3096,0
3097,0
3098,0
3099,0
3100,0
3101,0
3102,0
3103,0
3104,0
3105,0
3106,0
3107,0
3108,0
3109,1
3110,0
3111,0
3112,0
3113,0
3114,0
3115,0
3116,0
3117,0
3118,0
3119,0
3120,0
3121,0
3122,0
3123,0
3124,0
3125,0
3126,0
3127,0
3128,0
3129,0
3130,0
3131,0
3132,0
3133,0
3134,0
3135,0
3136,0
3137,0
3138,0
3139,0
3140,0
3141,0
3142,0
3143,0
3144,0
3145,0
3146,0
3147,0
3148,0
3149,0
3150,0
3151,0
3152,1
3153,1
3154,1
3155,1
3156,0
3157,0
3158,0
3159,0
3160,1
3161,1
3162,1
3163,1
3164,0
3165,0
3166,1
3167,1
3168,1
3169,1
3170,1
3171,1
3172,1
3173,1
3174,1
3175,1
3176,1
3177,1
3178,1
3179,1
3180,1
3181,1
3182,1
3183,1
3184,1
3185,1
3186,1
3187,1
3188,1
3189,1
3190,1
3191,1
3192,0
3193,0
3194,0
3195,0
3196,1
3197,1
3198,1
3199,0
3200,0
3201,0
3202,1
3203,1
3204,0
3205,0
3206,0
3207,0
3208,0
3209,1
3210,0
3211,0
3212,0
3213,0
3214,0
3215,0
3216,0
3217,1
3218,0
3219,0
3220,0
3221,1
3222,1
3223,1
3224,1
3225,1
3226,0
3227,0
3228,0
3229,0
3230,1
3231,1
3232,0
3233,0
3234,1
3235,1
3236,1
3237,1
3238,0
3239,0
3240,0
3241,0
3242,0
3243,0
3244,0
3245,0
3246,0
3247,0
3248,0
3249,0
3250,0
3251,1
3252,0
3253,0
3254,0
3255,0
3256,0
3257,0
3258,0
3259,0
3260,0
3261,0
3262,0
3263,0
3264,0
3265,0
3266,0
3267,0
3268,0
3269,0
3270,0
3271,0
3272,0
3273,0
3274,0
3275,0
3276,0
3277,0
3278,0
3279,0
3280,0
3281,0
3282,0
3283,0
3284,0
3285,0
3286,0
3287,0
3288,0
3289,0
3290,0
3291,0
3292,0
3293,0
3294,0
3295,0
3296,0
3297,0
3298,0
3299,0
3300,0
3301,0
3302,0
3303,0
3304,0
3305,0
3306,0
3307,0
3308,0
3309,0
3310,0
3311,0
3312,0
3313,0
3314,0
3315,0
3316,0
3317,0
3318,0
3319,0
3320,0
3321,0
3322,0
3323,0
3324,0
3325,0
3326,0
3327,0
3328,0
3329,0
3330,0
3331,0
3332,0
3333,0
3334,0
3335,0
3336,0
3337,0
3338,0
3339,0
3340,0
3341,0
3342,0
3343,0
3344,0
3345,0
3346,0
3347,0
3348,0
3349,0
3350,0
3351,0
3352,0
3353,0
3354,0
3355,0
3356,0
3357,0
3358,0
3359,0
3360,0
3361,0
3362,0
3363,0
3364,0
3365,0
3366,0
3367,1
3368,1
3369,1
3370,1
3371,1
3372,1
3373,1
3374,1
3375,1
3376,1
3377,1
3378,1
3379,1
3380,1
3381,1
3382,1
3383,1
3384,1
3385,1
3386,1
3387,1
3388,1
3389,1
3390,1
3391,1
3392,1
3393,1
3394,1
3395,1
3396,1
3397,1
3398,1
3399,1
3400,1
3401,1
3402,1
3403,1
3404,1
3405,1
3406,1
3407,1
3408,0
3409,0
3410,0
3411,0
3412,0
3413,0
3414,0
3415,0
3416,1
3417,2
3418,0
3419,0
3420,0
3421,1
3422,0
3423,0
3424,1
3425,0
3426,0
3427,0
3428,0
3429,1
3430,1
3431,0
3432,0
3433,1
3434,0
3435,0
3436,0
3437,0
3438,0
3439,0
3440,0
3441,1
3442,0
3443,0
3444,1
3445,0
3446,0
3447,0
3448,1
3449,1
3450,1
3451,0
3452,0
3453,1
3454,0
3455,0
3456,0
3457,0
3458,0
3459,0
3460,0
3461,0
3462,0
3463,0
3464,1
3465,0
3466,0
3467,0
3468,0
3469,0
3470,0
3471,0
3472,0
3473,0
3474,0
3475,0
3476,0
3477,0
3478,0
3479,0
3480,0
3481,0
3482,0
3483,0
3484,0
3485,0
3486,0
3487,0
3488,0
3489,0
3490,0
3491,0
3492,0
3493,0
3494,0
3495,0
3496,0
3497,0
3498,0
3499,2
3500,0
3501,0
3502,0
3503,0
3504,0
3505,0
3506,2
3507,0
3508,0
3509,0
3510,0
3511,0
3512,0
3513,0
3514,0
3515,0
3516,0
3517,0
3518,0
3519,2
3520,2
3521,0
3522,0
3523,0
3524,0
3525,0
3526,0
3527,0
3528,0
3529,0
3530,0
3531,1
3532,0
3533,0
3534,1
3535,0
3536,0
3537,0
3538,0
3539,0
3540,0
3541,1
3542,0
3543,0
3544,0
3545,0
3546,0
3547,0
3548,0
3549,0
3550,0
3551,0
3552,0
3553,0
3554,0
3555,0
3556,0
3557,0
3558,0
3559,0
3560,0
3561,0
3562,0
3563,0
3564,0
3565,0
3566,0
3567,0
3568,0
3569,0
3570,0
3571,1
3572,1
3573,1
3574,1
3575,1
3576,1
3577,1
3578,1
3579,1
3580,1
3581,1
3582,1
3583,1
3584,1
3585,1
3586,1
3587,1
3588,1
3589,1
3590,1
3591,1
3592,1
3593,1
3594,1
3595,1
3596,1
3597,1
3598,1
3599,1
3600,1
3601,1
3602,1
3603,1
3604,1
3605,1
3606,1
3607,1
3608,1
3609,1
3610,1
3611,1
3612,0
3613,0
3614,0
3615,0
3616,0
3617,0
3618,0
3619,0
3620,0
3621,0
3622,0
3623,0
3624,0
3625,0
3626,0
3627,0
3628,1
3629,1
3630,1
3631,1
3632,1
3633,1
3634,0
3635,0
3636,1
3637,1
3638,1
3639,1
3640,1
3641,1
3642,2
3643,1
3644,1
3645,1
3646,1
3647,1
3648,1
3649,1
3650,1
3651,0
3652,1
3653,1
3654,0
3655,0
3656,0
3657,1
3658,1
3659,1
3660,1
3661,0
3662,1
3663,2
3664,1
3665,1
3666,0
3667,0
3668,2
3669,2
3670,0
3671,1
3672,1
3673,1
3674,1
3675,0
3676,0
3677,0
3678,1
3679,1
3680,1
3681,1
3682,0
3683,1
3684,1
3685,1
3686,1
3687,0
3688,1
3689,1
3690,0
3691,0
3692,1
3693,1
3694,1
3695,1
3696,1
3697,0
3698,0
3699,1
3700,0
3701,0
3702,1
3703,1
3704,0
3705,1
3706,1
3707,1
3708,1
3709,1
3710,0
3711,1
3712,1
3713,1
3714,1
3715,1
3716,1
3717,1
3718,0
3719,0
3720,0
3721,0
3722,0
3723,1
3724,1
3725,0
3726,0
3727,0
3728,0
3729,0
3730,0
3731,0
3732,0
3733,0
3734,0
3735,0
3736,1
3737,0
3738,0
3739,0
3740,0
3741,0
3742,0
3743,0
3744,0
3745,0
3746,0
3747,0
3748,0
3749,0
3750,0
3751,0
3752,0
3753,0
3754,0
3755,0
3756,0
3757,0
3758,0
3759,0
3760,1
3761,0
3762,0
3763,0
3764,2
3765,0
3766,0
3767,0
3768,2
3769,2
3770,2
3771,2
3772,2
3773,2
3774,2
3775,2
3776,2
3777,2
3778,1
3779,1
3780,1
3781,1
3782,1
3783,1
3784,0
3785,0
3786,0
3787,1
3788,1
3789,1
3790,1
3791,0
3792,0
3793,0
3794,0
3795,0
3796,0
3797,0
3798,0
3799,0
3800,0
3801,0
3802,0
3803,0
3804,0
3805,0
3806,0
3807,0
3808,0
3809,0
3810,0
3811,0
3812,0
3813,0
3814,0
3815,0
3816,0
3817,0
3818,0
3819,0
3820,0
3821,0
3822,0
3823,1
3824,1
3825,1
3826,1
3827,1
3828,1
3829,1
3830,1
3831,1
3832,1
3833,1
3834,1
3835,1
3836,1
3837,1
3838,1
3839,1
3840,1
3841,1
3842,1
3843,1
3844,1
3845,1
3846,1
3847,1
3848,1
3849,1
3850,1
3851,1
3852,1
3853,1
3854,0
3855,0
3856,0
3857,0
3858,0
3859,0
3860,0
3861,0
3862,0
3863,0
3864,0
3865,0
3866,0
3867,0
3868,0
3869,1
3870,1
3871,0
3872,0
3873,0
3874,0
3875,0
3876,0
3877,0
3878,0
3879,0
3880,0
3881,0
3882,0
3883,0
3884,0
3885,0
3886,0
3887,0
3888,0
3889,0
3890,0
3891,0
3892,0
3893,0
3894,0
3895,0
3896,0
3897,0
3898,0
3899,0
3900,0
3901,0
3902,0
3903,0
3904,0
3905,0
3906,0
3907,0
3908,0
3909,0
3910,0
3911,0
3912,0
3913,0
3914,0
3915,0
3916,0
3917,0
3918,0
3919,0
3920,0
3921,0
3922,0
3923,0
3924,0
3925,0
3926,0
3927,0
3928,0
3929,0
3930,0
3931,0
3932,0
3933,0
3934,0
3935,0
3936,0
3937,0
3938,0
3939,0
3940,0
3941,0
3942,0
3943,0
3944,0
3945,0
3946,0
3947,0
3948,0
3949,0
3950,0
3951,0
3952,0
3953,0
3954,0
3955,0
3956,0
3957,0
3958,0
3959,0
3960,0
3961,0
3962,0
3963,0
3964,0
3965,0
3966,0
3967,0
3968,0
3969,0
3970,0
3971,0
3972,0
3973,0
3974,0
3975,0
3976,0
3977,0
3978,0
3979,0
3980,0
3981,0
3982,0
3983,1
3984,1
3985,0
3986,0
3987,1
3988,0
3989,0
3990,1
3991,0
3992,0
3993,1
3994,1
3995,1
3996,1
3997,1
3998,1
3999,1
4000,1
4001,1
4002,1
4003,0
4004,0
4005,0
4006,0
4007,0
4008,0
4009,0
4010,1
4011,0
4012,0
4013,0
4014,0
4015,0
4016,0
4017,0
4018,1
4019,1
4020,2
4021,2
4022,2
4023,2
4024,2
4025,0
4026,0
4027,0
4028,0
4029,0
4030,0
4031,0
4032,1
4033,1
4034,1
4035,1
4036,1
4037,1
4038,1
4039,1
4040,1
4041,1
4042,2
4043,2
4044,1
4045,1
4046,0
4047,0
4048,0
4049,0
4050,0
4051,0
4052,0
4053,0
4054,0
4055,0
4056,0
4057,0
4058,0
4059,0
4060,0
4061,0
4062,0
4063,0
4064,0
4065,0
4066,0
4067,0
4068,1
4069,1
4070,2
4071,2
4072,2
4073,2
4074,2
4075,2
4076,2
4077,0
4078,0
4079,0
4080,0
4081,2
4082,1
4083,1
4084,1
4085,0
4086,0
4087,0
4088,0
4089,0
4090,1
4091,1
4092,1
4093,1
4094,1
4095,1
4096,2
4097,1
4098,0
4099,0
4100,0
4101,0
4102,1
4103,1
4104,0
4105,0
4106,0
4107,1
4108,0
4109,0
4110,0
4111,2
4112,1
4113,1
4114,1
4115,1
4116,1
4117,2
4118,2
4119,0
4120,0
4121,0
4122,0
4123,0
4124,1
4125,1
4126,1
4127,0
4128,0
4129,1
4130,1
4131,1
4132,0
4133,0
4134,1
4135,1
4136,1
4137,0
4138,0
4139,1
4140,0
4141,1
4142,0
4143,0
4144,2
4145,2
4146,0
4147,1
4148,0
4149,0
4150,1
4151,0
4152,0
4153,1
4154,1
4155,1
4156,1
4157,1
4158,1
4159,1
4160,0
4161,0
4162,2
4163,0
4164,1
4165,0
4166,1
4167,1
4168,1
4169,2
4170,1
4171,1
4172,1
4173,1
4174,1
4175,0
4176,0
4177,0
4178,0
4179,0
4180,1
4181,0
4182,0
4183,0
4184,1
4185,1
4186,1
4187,1
4188,1
4189,1
4190,1
4191,0
4192,1
4193,1
4194,1
4195,0
4196,1
4197,1
4198,1
4199,0
4200,1
4201,1
4202,0
4203,1
4204,1
4205,1
4206,1
4207,0
4208,0
4209,1
4210,1
4211,1
4212,1
4213,0
4214,0
4215,0
4216,0
4217,0
4218,0
4219,1
4220,1
4221,1
4222,1
4223,1
4224,0
4225,0
4226,1
4227,1
4228,1
4229,1
4230,1
4231,1
4232,1
4233,1
4234,1
4235,1
4236,0
4237,0
4238,1
4239,1
4240,1
4241,1
4242,2
4243,0
4244,1
4245,1
4246,1
4247,1
4248,1
4249,0
4250,0
4251,0
4252,1
4253,1
4254,1
4255,1
4256,0
4257,0
4258,0
4259,0
4260,0
4261,0
4262,0
4263,0
4264,0
4265,0
4266,0
4267,0
4268,0
4269,0
4270,0
4271,0
4272,0
4273,0
4274,0
4275,0
4276,0
4277,0
4278,1
4279,1
4280,1
4281,0
4282,0
4283,0
4284,0
4285,0
4286,0
4287,0
4288,0
4289,0
4290,1
4291,0
4292,0
4293,0
4294,0
4295,0
4296,0
4297,0
4298,0
4299,0
4300,0
4301,0
4302,0
4303,0
4304,0
4305,1
4306,1
4307,1
4308,1
4309,1
4310,0
4311,0
4312,0
4313,0
4314,0
4315,0
4316,0
4317,0
4318,0
4319,0
4320,0
4321,0
4322,0
4323,0
4324,0
4325,0
4326,0
4327,0
4328,0
4329,0
4330,1
4331,1
4332,1
4333,1
4334,1
4335,0
4336,0
4337,0
4338,0
4339,0
4340,0
4341,0
4342,0
4343,0
4344,0
4345,0
4346,0
4347,0
4348,0
4349,0
4350,0
4351,0
4352,0
4353,0
4354,0
4355,0
4356,0
4357,0
4358,0
4359,1
4360,0
4361,0
4362,0
4363,0
4364,0
4365,0
4366,0
4367,0
4368,0
4369,0
4370,0
4371,0
4372,0
4373,0
4374,0
4375,0
4376,0
4377,0
4378,0
4379,0
4380,0
4381,0
4382,0
4383,0
4384,0
4385,0
4386,0
4387,0
4388,0
4389,1
4390,0
4391,0
4392,0
4393,0
4394,0
4395,0
4396,0
4397,0
4398,0
4399,0
4400,0
4401,0
4402,0
4403,0
4404,0
4405,0
4406,0
4407,0
4408,0
4409,0
4410,0
4411,0
4412,0
4413,0
4414,0
4415,0
4416,0
4417,0
4418,0
4419,0
4420,0
4421,0
4422,0
4423,0
4424,0
4425,0
4426,0
4427,0
4428,0
4429,0
4430,0
4431,0
4432,0
4433,0
4434,0
4435,0
4436,0
4437,0
4438,0
4439,0
4440,0
4441,0
4442,0
4443,0
4444,0
4445,0
4446,0
4447,0
4448,0
4449,0
4450,0
4451,0
4452,0
4453,0
4454,0
4455,0
4456,0
4457,0
4458,0
4459,0
4460,0
4461,0
4462,0
4463,0
4464,0
4465,0
4466,0
4467,0
4468,0
4469,0
4470,0
4471,0
4472,0
4473,0
4474,0
4475,0
4476,0
4477,0
4478,0
4479,0
4480,0
4481,0
4482,0
4483,0
4484,0
4485,0
4486,0
4487,0
4488,0
4489,0
4490,0
4491,0
4492,0
4493,0
4494,0
4495,0
4496,0
4497,0
4498,0
4499,0
4500,0
4501,0
4502,0
4503,0
4504,0
4505,0
4506,0
4507,0
4508,0
4509,0
4510,0
4511,0
4512,0
4513,0
4514,2
4515,0
4516,0
4517,0
4518,0
4519,1
4520,0
4521,0
4522,0
4523,0
4524,0
4525,0
4526,0
4527,0
4528,0
4529,0
4530,0
4531,0
4532,0
4533,0
4534,1
4535,0
4536,0
4537,0
4538,0
4539,0
4540,0
4541,0
4542,0
4543,0
4544,0
4545,0
4546,0
4547,0
4548,0
4549,0
4550,0
4551,0
4552,0
4553,0
4554,0
4555,0
4556,0
4557,0
4558,0
4559,0
4560,0
4561,0
4562,0
4563,0
4564,0
4565,0
4566,0
4567,0
4568,0
4569,0
4570,0
4571,0
4572,0
4573,0
4574,0
4575,0
4576,0
4577,0
4578,0
4579,0
4580,0
4581,0
4582,0
4583,0
4584,0
4585,0
4586,0
4587,0
4588,0
4589,0
4590,0
4591,0
4592,0
4593,0
4594,0
4595,0
4596,0
4597,0
4598,0
4599,0
4600,0
4601,0
4602,0
4603,0
4604,0
4605,0
4606,0
4607,0
4608,0
4609,0
4610,0
4611,0
4612,0
4613,0
4614,0
4615,0
4616,0
4617,0
4618,0
4619,0
4620,0
4621,0
4622,0
4623,0
4624,0
4625,0
4626,0
4627,0
4628,0
4629,0
4630,0
4631,0
4632,0
4633,0
4634,0
4635,0
4636,0
4637,0
4638,0
4639,0
4640,0
4641,0
4642,0
4643,0
4644,0
4645,0
4646,0
4647,0
4648,0
4649,0
4650,0
4651,0
4652,0
4653,0
4654,0
4655,0
4656,0
4657,0
4658,0
4659,0
4660,0
4661,0
4662,0
4663,0
4664,0
4665,0
4666,0
4667,0
4668,0
4669,0
4670,0
4671,0
4672,0
4673,0
4674,1
4675,1
4676,1
4677,1
4678,1
4679,1
4680,1
4681,1
4682,1
4683,1
4684,1
4685,1
4686,1
4687,1
4688,2
4689,1
4690,1
4691,1
4692,1
4693,1
4694,1
4695,1
4696,0
4697,0
4698,0
4699,1
4700,1
4701,1
4702,0
4703,1
4704,1
4705,0
4706,0
4707,1
4708,1
4709,1
4710,1
4711,1
4712,1
4713,1
4714,1
4715,1
4716,1
4717,1
4718,1
4719,1
4720,1
4721,1
4722,1
4723,1
4724,1
4725,1
4726,1
4727,1
4728,1
4729,1
4730,1
4731,1
4732,1
4733,1
4734,1
4735,1
4736,1
4737,1
4738,1
4739,1
4740,1
4741,1
4742,1
4743,1
4744,1
4745,1
4746,1
4747,2
4748,2
4749,2
4750,2
4751,2
4752,2
4753,2
4754,2
4755,2
4756,2
4757,2
4758,2
4759,2
4760,2
4761,2
4762,2
4763,2
4764,2
4765,2
4766,2
4767,2
4768,2
4769,2
4770,1
4771,1
4772,1
4773,2
4774,2
4775,1
4776,1
4777,0
4778,1
4779,1
4780,2
4781,1
4782,1
4783,1
4784,1
4785,0
4786,0
4787,1
4788,1
4789,1
4790,0
4791,1
4792,1
4793,1
4794,0
4795,0
4796,0
4797,0
4798,0
4799,1
4800,0
4801,0
4802,0
4803,1
4804,0
4805,0
4806,0
4807,0
4808,0
4809,0
4810,1
4811,0
4812,1
4813,1
4814,1
4815,0
4816,0
4817,0
4818,0
4819,1
4820,1
4821,1
4822,1
4823,1
4824,0
4825,1
4826,0
4827,0
4828,0
4829,1
4830,1
4831,1
4832,0
4833,0
4834,1
4835,0
4836,1
4837,1
4838,1
4839,0
4840,1
4841,1
4842,1
4843,1
4844,0
4845,0
4846,1
4847,0
4848,1
4849,0
4850,0
4851,0
4852,0
4853,0
4854,1
4855,1
4856,1
4857,0
4858,0
4859,0
4860,0
4861,0
4862,0
4863,0
4864,0
4865,0
4866,0
4867,0
4868,0
4869,0
4870,0
4871,0
4872,0
4873,0
4874,0
4875,0
4876,0
4877,0
4878,0
4879,0
4880,0
4881,0
4882,0
4883,0
4884,0
4885,0
4886,0
4887,0
4888,0
4889,0
4890,0
4891,0
4892,0
4893,0
4894,0
4895,0
4896,0
4897,0
4898,0
4899,0
4900,0
4901,0
4902,0
4903,0
4904,0
4905,0
4906,0
4907,0
4908,0
4909,0
4910,0
4911,0
4912,0
4913,0
4914,0
4915,0
4916,0
4917,0
4918,0
4919,0
4920,0
4921,0
4922,0
4923,0
4924,0
4925,0
4926,0
4927,0
4928,0
4929,0
4930,0
4931,0
4932,0
4933,0
4934,0
4935,0
4936,0
4937,0
4938,0
4939,0
4940,0
4941,0
4942,0
4943,0
4944,0
4945,0
4946,0
4947,0
4948,0
4949,0
4950,0
4951,0
4952,0
4953,0
4954,0
4955,0
4956,0
4957,0
4958,0
4959,0
4960,0
4961,0
4962,0
4963,0
4964,0
4965,0
4966,0
4967,0
4968,0
4969,0
4970,0
4971,0
4972,0
4973,0
4974,0
4975,0
4976,0
4977,0
4978,0
4979,0
4980,0
4981,0
4982,0
4983,0
4984,0
4985,0
4986,0
4987,0
4988,0
4989,0
4990,0
4991,0
4992,0
4993,0
4994,0
4995,0
4996,0
4997,0
4998,0
4999,0
5000,0
5001,0
5002,0
5003,0
5004,0
5005,0
5006,0
5007,0
5008,0
5009,0
5010,1
5011,1
5012,0
5013,1
5014,1
5015,1
5016,0
5017,0
5018,0
5019,0
5020,0
5021,0
5022,1
5023,1
5024,0
5025,0
5026,0
5027,0
5028,0
5029,0
5030,0
5031,0
5032,0
5033,0
5034,0
5035,0
5036,0
5037,0
5038,0
5039,0
5040,0
5041,0
5042,0
5043,0
5044,0
5045,0
5046,0
5047,0
5048,0
5049,0
5050,0
5051,0
5052,0
5053,0
5054,0
5055,0
5056,0
5057,0
5058,0
5059,0
5060,0
5061,1
5062,1
5063,1
5064,1
5065,0
5066,0
5067,1
5068,2
5069,2
5070,2
5071,2
5072,2
5073,2
5074,2
5075,2
5076,2
5077,2
5078,2
5079,2
5080,2
5081,2
5082,2
5083,2
5084,2
5085,2
5086,2
5087,2
5088,2
5089,2
5090,2
5091,2
5092,2
5093,2
5094,2
5095,2
5096,2
5097,2
5098,2
5099,2
5100,2
5101,2
5102,2
5103,2
5104,2
5105,2
5106,2
5107,2
5108,2
5109,2
5110,1
5111,0
5112,0
5113,0
5114,0
5115,0
5116,0
5117,0
5118,0
5119,0
5120,0
5121,0
5122,1
5123,1
5124,1
5125,1
5126,1
5127,1
5128,1
5129,1
5130,1
5131,1
5132,1
5133,1
5134,1
5135,1
5136,1
5137,1
5138,1
5139,1
5140,1
5141,1
5142,1
5143,1
5144,1
5145,1
5146,0
5147,2
5148,1
5149,0
5150,0
5151,0
5152,0
5153,0
5154,0
5155,0
5156,0
5157,0
5158,1
5159,1
5160,0
5161,1
5162,1
5163,0
5164,1
5165,0
5166,2
5167,2
5168,1
5169,0
5170,0
5171,1
5172,0
5173,1
5174,1
5175,1
5176,1
5177,0
5178,1
5179,1
5180,1
5181,1
5182,0
5183,0
5184,1
5185,1
5186,1
5187,0
5188,0
5189,1
5190,1
5191,2
5192,1
5193,1
5194,0
5195,2
5196,2
5197,1
5198,1
5199,1
5200,1
5201,2
5202,1
5203,0
5204,0
5205,0
5206,0
5207,0
5208,1
5209,1
5210,1
5211,1
5212,1
5213,0
5214,0
5215,0
5216,0
5217,0
5218,0
5219,0
5220,0
5221,0
5222,0
5223,0
5224,0
5225,0
5226,0
5227,0
5228,0
5229,0
5230,0
5231,0
5232,0
5233,0
5234,1
5235,0
5236,0
5237,0
5238,0
5239,0
5240,0
5241,0
5242,0
5243,0
5244,0
5245,0
5246,0
5247,0
5248,0
5249,0
5250,1
5251,0
5252,0
5253,0
5254,0
5255,0
5256,0
5257,0
5258,0
5259,0
5260,0
5261,0
5262,0
5263,0
5264,1
5265,1
5266,1
5267,1
5268,1
5269,1
5270,1
5271,0
5272,0
5273,0
5274,0
5275,0
5276,0
5277,0
5278,0
5279,0
5280,0
5281,0
5282,0
5283,0
5284,0
5285,0
5286,0
5287,0
5288,0
5289,0
5290,0
5291,0
5292,0
5293,0
5294,0
5295,1
5296,1
5297,1
5298,1
5299,1
5300,1
5301,0
5302,0
5303,2
5304,1
5305,1
5306,1
5307,0
5308,0
5309,1
5310,1
5311,0
5312,1
5313,0
5314,1
5315,0
5316,0
5317,0
5318,0
5319,1
5320,0
5321,0
5322,1
5323,1
5324,1
5325,0
5326,1
5327,0
5328,0
5329,1
5330,0
5331,0
5332,0
5333,0
5334,0
5335,1
5336,1
5337,0
5338,0
5339,0
5340,1
5341,1
5342,0
5343,0
5344,0
5345,0
5346,0
5347,0
5348,1
5349,1
5350,1
5351,1
5352,0
5353,0
5354,0
5355,0
5356,0
5357,0
5358,0
5359,0
5360,0
5361,0
5362,0
5363,0
5364,0
5365,0
5366,0
5367,0
5368,1
5369,0
5370,0
5371,0
5372,0
5373,0
5374,0
5375,0
5376,0
5377,0
5378,0
5379,0
5380,0
5381,0
5382,0
5383,0
5384,0
5385,0
5386,0
5387,1
5388,0
5389,0
5390,0
5391,0
5392,0
5393,0
5394,0
5395,0
5396,0
5397,0
5398,0
5399,0
5400,0
5401,0
5402,0
5403,0
5404,0
5405,0
5406,0
5407,0
5408,0
5409,0
5410,0
5411,0
5412,0
5413,0
5414,0
5415,0
5416,0
5417,0
5418,0
5419,0
5420,0
5421,0
5422,0
5423,0
5424,0
5425,0
5426,1
5427,1
5428,1
5429,1
5430,1
5431,1
5432,1
5433,1
5434,0
5435,0
5436,0
5437,0
5438,0
5439,0
5440,0
5441,1
5442,0
5443,0
5444,1
5445,1
5446,1
5447,1
5448,1
5449,2
5450,1
5451,1
5452,0
5453,1
5454,0
5455,0
5456,0
5457,0
5458,0
5459,2
5460,1
5461,0
5462,0
5463,0
5464,0
5465,0
5466,1
5467,1
5468,0
5469,0
5470,1
5471,1
5472,0
5473,0
5474,0
5475,0
5476,0
5477,0
5478,0
5479,1
5480,0
5481,1
5482,0
5483,0
5484,0
5485,0
5486,0
5487,0
5488,0
5489,1
5490,0
5491,0
5492,0
5493,0
5494,0
5495,0
5496,0
5497,0
5498,0
5499,0
5500,0
5501,0
5502,1
5503,1
5504,1
5505,1
5506,0
5507,1
5508,1
5509,0
5510,1
5511,1
5512,1
5513,0
5514,0
5515,1
5516,0
5517,0
5518,0
5519,1
5520,1
5521,0
5522,0
5523,0
5524,0
5525,0
5526,0
5527,0
5528,0
5529,0
5530,1
5531,0
5532,0
5533,0
5534,1
5535,0
5536,1
5537,1
5538,0
5539,0
5540,0
5541,1
5542,0
5543,1
5544,1
5545,0
5546,0
5547,0
5548,0
5549,0
5550,0
5551,0
5552,0
5553,0
5554,0
5555,0
5556,0
5557,0
5558,0
5559,0
5560,0
5561,0
5562,0
5563,0
5564,0
5565,0
5566,0
5567,0
5568,0
5569,0
5570,0
5571,0
5572,0
5573,0
